0.999 0.00020008 
0 1 
0.401 0.167031 
0.161 0.305991 
0.676 0.0753245 
0.065 0.421128 
0.271 0.229817 
0.532 0.118581 
0.831 0.036348 
0.026 0.518058 
0.109 0.358074 
0.334 0.196938 
0.213 0.266034 
0.465 0.141993 
0.602 0.0965184 
0.913 0.0180392 
0.752 0.0554095 
0.01 0.601893 
0.044 0.464585 
0.134 0.331008 
0.086 0.387791 
0.241 0.247679 
0.302 0.212952 
0.186 0.285664 
0.367 0.181661 
0.433 0.154142 
0.639 0.0856759 
0.498 0.130147 
0.956 0.0089591 
0.567 0.107277 
0.714 0.0651549 
0.791 0.045809 
0.872 0.0270214 
0.017 0.55732 
0.004 0.668555 
0.035 0.488538 
0.054 0.4422 
0.075 0.404321 
0.097 0.372875 
0.147 0.318504 
0.121 0.344524 
0.256 0.238538 
0.199 0.275947 
0.286 0.221474 
0.318 0.204783 
0.227 0.25663 
0.35 0.189387 
0.173 0.295941 
0.384 0.174216 
0.417 0.160487 
0.62 0.091179 
0.549 0.113019 
0.515 0.124288 
0.934 0.013563 
0.481 0.136169 
0.449 0.147981 
0.695 0.0701841 
0.851 0.0317536 
0.657 0.0805818 
0.811 0.0410319 
0.977 0.00464291 
0.584 0.101987 
0.771 0.0506838 
0.733 0.0602317 
0.892 0.0225986 
0.002 0.71146 
0.007 0.629303 
0.021 0.538211 
0.013 0.580445 
0.03 0.504066 
0.059 0.432233 
0.049 0.452935 
0.039 0.477348 
0.08 0.396582 
0.103 0.365302 
0.154 0.312134 
0.127 0.338148 
0.07 0.412484 
0.115 0.351157 
0.091 0.380832 
0.14 0.325121 
0.001 0.748811 
0.206 0.270923 
0.248 0.243358 
0.294 0.217166 
0.179 0.291123 
0.22 0.261272 
0.358 0.185715 
0.31 0.208825 
0.263 0.234419 
0.375 0.178124 
0.326 0.200822 
0.192 0.281114 
0.234 0.252101 
0.278 0.225879 
0.392 0.170804 
0.342 0.193127 
0.167 0.300894 
0.409 0.163734 
0.629 0.0885557 

